0 1 0 2 0 5 1 2 1 4 2 3 3 4 3 5 4 5
0 0 0 0 0 -1 0 0 1 -1 0 0 0 0 0 0 0 0
0 1 0 7 0 11 1 2 1 6 2 3 2 9 3 4 3 8 4 5 4 11 5 6 5 10 6 7 7 8 8 9 9 10 10 11
0 0 0 -1 0 0 0 0 0 -1 0 0 1 -1 0 0 1 -1 0 0 1 0 0 0 1 0 0 0 0 0 0 0 0 0 0 0
0 1 0 2 0 3 1 2 1 3 2 3
0 0 -1 0 0 0 0 0 0 -1 0 0
1 2 1 2 1 2
0 0 -1 0 0 -1
0 1 0 2 0 4 0 5 1 2 1 3 1 5 2 3 2 4 3 4 3 5 4 5
0 0 -1 0 0 -1 0 0 0 0 0 -1 1 -1 0 0 1 -1 0 0 1 0 0 0
0 1 0 2 0 1 0 2 1 2 1 2
0 0 0 0 -1 1 -1 0 0 0 0 -1
0 0 0 0
1 0 0 1
0 1 0 2 0 3 0 4 0 5 1 2 1 3 1 4 1 5 2 3 2 4 2 5 3 4 3 5 4 5
0 0 -1 1 -1 1 -1 0 0 0 0 0 -1 0 -1 0 0 -1 0 0 0 -1 0 -1 0 0 1 -1 0 0
0 1 0 1 0 2 0 3 0 3 1 2 1 2 1 3 2 3 2 3
0 0 -1 1 0 0 0 0 -1 0 0 0 -1 0 0 -1 0 0 1 -1
0 0 0 1 0 1 0 1 1 1
1 0 0 0 0 1 -1 1 1 0
0 0 0 0 0 0
1 0 0 1 1 1
